Version 0.9.7
9
 4 -6 102 77 128 0 1
 5 80 400 206 81 2 2
 0 303 2 877 276 8 3
 0 302 283 877 276 140 4
 1 65 389 206 81 272 5
 3 81 18 203 58 282 6
 0 301 559 877 276 291 7
 6 1181 89 449 130 423 8
 0 302 833 877 276 456 9
 0
253
 0 5 55 202 55 201 40 201 40 458 80 458 80 458 0 1 0 5
 0 5 55 189 55 189 48 189 48 250 356 250 356 250 0 1 0 3
 0 5 55 176 55 176 23 176 23 531 355 531 355 531 0 1 0 4
 8454143 5 121 400 86 400 86 228 447 228 447 211 447 211 0 5 0 3
 8454143 5 460 211 466 211 466 213 330 213 330 211 330 211 0 3 0 3
 255 5 159 400 159 338 87 338 87 250 343 250 343 211 0 5 0 3
 16777088 5 235 400 236 400 236 142 343 142 343 107 343 107 0 5 0 3
 0 5 408 211 408 211 418 211 418 250 408 250 408 250 0 3 0 3
 0 5 525 211 525 222 524 222 525 250 525 250 525 250 0 3 0 3
 0 5 629 211 629 211 629 211 629 250 629 250 629 250 0 3 0 3
 0 5 330 68 330 68 330 16 330 16 356 16 356 16 0 3 0 3
 0 5 447 68 447 68 447 68 447 16 447 16 447 16 0 3 0 3
 0 5 551 68 551 68 551 68 551 16 551 16 551 16 0 3 0 3
 0 5 55 116 55 116 49 116 49 0 369 0 369 16 0 1 0 3
 16744703 5 140 400 140 400 140 241 472 241 472 211 473 211 0 5 0 3
 16744703 5 486 211 486 211 486 226 694 226 694 211 694 211 0 3 0 3
 8454143 5 447 198 447 198 447 235 681 235 681 211 681 211 0 3 0 3
 255 5 343 198 350 198 350 237 720 237 720 211 720 211 0 3 0 3
 16744448 5 216 400 216 400 216 279 733 279 733 211 733 211 0 5 0 3
 8454016 5 746 211 746 211 746 234 564 234 564 211 564 211 0 3 0 3
 8454016 5 356 107 356 107 356 129 540 129 540 211 551 211 0 3 0 3
 8454016 5 577 211 577 211 577 211 590 211 590 211 590 211 0 3 0 3
 8454143 5 447 185 441 185 441 130 746 130 746 107 746 107 0 3 0 3
 16744703 5 486 198 581 198 581 167 733 167 733 107 733 107 0 3 0 3
 255 5 343 185 339 185 339 218 499 218 499 211 499 211 0 3 0 3
 255 5 512 211 552 211 552 128 707 128 707 107 707 107 0 3 0 3
 32768 5 178 400 178 400 178 132 694 132 694 107 694 107 0 5 0 3
 8454016 5 759 107 773 107 773 233 603 233 603 211 603 211 0 3 0 3
 8454016 5 616 211 616 211 616 152 564 152 564 107 564 107 0 3 0 3
 0 5 681 68 681 68 681 68 681 16 681 16 681 16 0 3 0 3
 0 5 759 211 759 211 759 211 759 250 759 250 759 250 0 3 0 3
 0 5 785 68 785 68 785 68 785 16 785 16 785 16 0 3 0 3
 0 5 863 211 863 211 863 211 863 250 863 250 863 250 0 3 0 3
 8454143 5 681 198 681 198 681 239 785 239 785 211 785 211 0 3 0 3
 16744703 5 473 198 449 198 449 256 798 256 798 211 798 211 0 3 0 3
 255 5 707 94 707 130 771 130 771 219 824 219 824 211 0 3 0 3
 16777088 5 235 413 236 413 236 235 837 235 837 211 837 211 0 5 0 3
 8454016 5 850 211 850 211 850 131 577 131 577 107 577 107 0 3 0 3
 8454016 5 590 107 590 107 590 107 603 107 603 107 603 107 0 3 0 3
 8454143 5 785 198 785 198 785 128 850 128 850 107 850 107 0 3 0 3
 16744703 5 798 198 798 198 798 128 837 128 837 107 837 107 0 3 0 3
 255 5 499 198 501 198 501 128 811 128 811 107 811 107 0 3 0 3
 4227200 5 197 400 197 400 197 81 798 81 798 107 798 107 0 5 0 3
 8454016 5 863 107 863 107 863 119 616 119 616 107 616 107 0 3 0 3
 8454016 5 629 107 629 107 629 79 127 79 127 62 127 62 0 3 0 6
 0 5 55 155 55 155 50 155 50 400 80 400 80 400 0 1 0 5
 0 5 55 215 55 215 49 215 49 117 92 117 92 55 0 1 0 6
 0 5 55 142 55 142 55 266 355 266 355 297 355 297 0 1 0 4
 0 5 407 492 407 492 407 492 407 531 407 531 407 531 0 4 0 4
 8454143 5 460 198 460 287 293 287 293 459 329 459 329 453 0 3 0 4
 255 5 343 172 343 172 280 172 280 464 342 464 342 453 0 3 0 4
 16744448 5 216 413 216 413 216 317 342 317 342 349 342 349 0 5 0 4
 0 5 368 297 368 297 315 297 315 349 329 349 329 349 0 4 0 4
 0 5 433 349 433 349 433 349 433 297 433 297 433 297 0 4 0 4
 0 5 511 492 511 492 511 492 511 531 511 531 511 531 0 4 0 4
 8454016 5 355 388 377 388 377 414 433 414 433 453 433 453 0 4 0 4
 0 5 537 349 537 349 537 349 537 297 537 297 537 297 0 4 0 4
 0 5 615 492 615 492 615 492 615 531 615 531 615 531 0 4 0 4
 8454143 5 121 413 121 413 111 413 111 460 537 460 537 453 0 5 0 4
 16744703 5 486 185 482 185 482 131 551 131 551 453 550 453 0 3 0 4
 255 5 512 198 512 205 532 205 532 453 576 453 576 453 0 3 0 4
 16777088 5 837 198 837 249 582 249 582 453 589 453 589 453 0 3 0 4
 8454016 5 602 492 602 492 602 510 446 510 446 492 446 492 0 4 0 4
 8454016 5 459 453 459 453 459 453 472 453 472 453 472 453 0 4 0 4
 8454143 5 537 466 546 466 546 417 603 417 603 388 602 388 0 4 0 4
 16744703 5 550 466 551 466 551 417 589 417 589 388 589 388 0 4 0 4
 255 5 499 185 499 192 580 192 580 388 563 388 563 388 0 3 0 4
 4227200 5 798 94 798 113 648 113 648 399 550 399 550 388 0 3 0 4
 8454016 5 615 388 615 388 615 431 485 431 485 453 485 453 0 4 0 4
 8454016 5 498 453 498 453 499 453 499 417 446 417 446 388 0 4 0 4
 16744703 5 473 185 473 185 473 236 396 236 396 453 355 453 0 3 0 4
 255 5 512 185 512 231 377 231 377 453 368 453 368 453 0 3 0 4
 16744448 5 342 362 342 362 342 420 381 420 381 453 381 453 0 4 0 4
 8454016 5 394 453 394 453 394 424 459 424 459 388 459 388 0 4 0 4
 8454016 5 472 388 472 388 472 388 485 388 485 388 485 388 0 4 0 4
 0 5 641 349 641 349 641 349 641 297 641 297 641 297 0 4 0 4
 0 5 719 492 719 492 719 492 719 531 719 531 719 531 0 4 0 4
 8454143 5 537 479 549 479 549 512 641 512 641 453 641 453 0 4 0 4
 16744703 5 355 466 355 466 355 517 654 517 654 453 654 453 0 4 0 4
 255 5 563 362 615 362 615 422 680 422 680 453 680 453 0 4 0 4
 16777088 5 589 466 589 466 589 516 693 516 693 453 693 453 0 4 0 4
 8454016 5 706 453 706 453 694 453 694 397 498 397 498 388 0 4 0 4
 8454016 5 511 388 511 388 511 296 147 296 147 62 147 62 0 4 0 6
 0 5 367 586 367 587 395 587 395 664 341 664 341 664 0 7 0 7
 0 5 419 807 419 807 419 807 419 729 419 729 419 729 0 7 0 7
 0 5 368 531 368 531 35 531 35 807 354 807 354 807 0 4 0 7
 0 5 354 586 354 586 354 586 55 586 55 129 55 129 0 7 0 1
 65535 5 460 185 460 185 460 175 363 175 363 729 341 729 0 3 0 7
 255 5 159 413 54 413 54 738 354 738 354 729 354 729 0 5 0 7
 32768 5 178 413 47 413 47 670 354 670 354 664 354 664 0 5 0 7
 0 5 536 729 536 729 536 729 536 807 536 807 536 807 0 7 0 7
 0 5 458 664 458 664 458 664 458 586 458 586 458 586 0 7 0 7
 65280 5 367 664 367 664 458 664 458 664 458 729 458 729 0 7 0 7
 0 5 653 729 653 729 653 729 653 807 653 807 653 807 0 7 0 7
 0 5 575 664 575 664 575 664 575 586 575 586 575 586 0 7 0 7
 65535 5 537 492 541 492 541 686 575 686 575 729 575 729 0 4 0 7
 16744703 5 486 172 486 152 566 152 566 733 588 733 588 729 0 3 0 7
 255 5 512 172 512 167 452 167 452 793 614 793 614 729 0 3 0 7
 32896 5 197 413 84 413 84 781 627 781 627 729 627 729 0 5 0 7
 65280 5 640 729 640 729 640 778 471 778 471 729 471 729 0 7 0 7
 65280 5 484 729 484 729 484 729 497 729 497 729 497 729 0 7 0 7
 65535 5 575 742 575 742 575 748 556 748 556 664 588 664 0 7 0 7
 16744703 5 588 742 588 742 588 725 601 725 601 664 601 664 0 7 0 7
 255 5 354 742 411 742 411 598 627 598 627 664 627 664 0 7 0 7
 16776960 5 235 426 237 426 237 609 637 609 637 664 640 664 0 5 0 7
 65280 5 653 664 653 664 653 700 510 700 510 729 510 729 0 7 0 7
 65280 5 523 729 560 729 560 643 471 643 471 664 471 664 0 7 0 7
 0 5 783 729 783 729 783 729 783 807 783 807 783 807 0 7 0 7
 0 5 705 664 705 664 705 664 705 586 705 586 705 586 0 7 0 7
 255 5 627 651 627 651 685 651 685 744 705 744 705 729 0 7 0 7
 32768 5 354 651 354 651 806 651 806 759 718 759 718 729 0 7 0 7
 32896 5 798 68 798 68 460 68 460 68 460 107 460 107 0 3 0 3
 32896 5 473 107 544 107 544 788 750 788 750 729 744 729 0 3 0 7
 16744448 5 381 466 446 466 446 808 764 808 764 729 757 729 0 4 0 7
 65280 5 770 729 770 729 770 718 484 718 484 664 484 664 0 7 0 7
 65280 5 497 664 497 664 497 664 510 664 510 664 510 664 0 7 0 7
 16744703 5 140 413 64 413 64 761 360 761 360 729 367 729 0 5 0 7
 255 5 614 768 614 754 384 754 384 729 380 729 380 729 0 7 0 7
 32768 5 354 638 354 638 366 638 366 742 393 742 393 742 0 7 0 7
 65280 5 406 742 406 742 406 751 523 751 523 664 523 664 0 7 0 7
 0 5 822 664 822 664 822 664 822 586 822 586 822 586 0 7 0 7
 0 5 900 729 900 729 900 729 900 807 900 807 900 807 0 7 0 7
 65280 5 536 664 536 664 536 623 822 623 822 729 822 729 0 7 0 7
 65535 5 588 651 588 651 588 664 588 664 718 664 718 664 0 7 0 7
 16744703 5 367 768 367 768 367 786 731 786 731 664 731 664 0 7 0 7
 255 5 354 755 354 781 750 781 750 664 757 664 757 664 0 7 0 7
 16744448 5 757 768 757 768 770 768 770 768 770 664 770 664 0 7 0 7
 65280 5 783 664 783 664 835 664 835 664 835 729 835 729 0 7 0 7
 65280 5 848 729 880 729 880 100 187 100 187 62 187 62 0 7 0 6
 0 5 758 388 758 388 758 388 758 297 758 297 758 297 0 4 0 4
 0 5 836 453 836 453 836 453 836 531 836 531 836 531 0 4 0 4
 65535 5 121 426 121 426 121 435 758 435 758 453 758 453 0 5 0 4
 16744703 5 694 198 694 198 725 198 725 465 771 465 771 453 0 3 0 4
 255 5 576 466 576 466 603 466 603 399 771 399 771 388 0 4 0 4
 0 5 966 453 966 453 966 453 966 531 966 531 966 531 0 4 0 4
 0 5 888 388 888 388 888 388 888 297 888 297 888 297 0 4 0 4
 65280 5 784 388 784 334 881 334 881 453 888 453 888 453 0 4 0 4
 65535 5 460 172 469 172 469 189 779 189 779 453 784 453 0 3 0 4
 16744703 5 771 479 771 479 797 479 797 479 797 453 797 453 0 4 0 4
 255 5 680 479 680 431 812 431 810 453 810 453 810 453 0 4 0 4
 65280 5 823 453 823 453 823 453 901 453 901 453 901 453 0 4 0 4
 65280 5 914 453 914 453 914 462 927 462 927 453 927 453 0 4 0 4
 255 5 810 479 810 479 810 479 797 479 797 388 797 388 0 4 0 4
 65535 5 758 479 758 479 810 479 810 479 810 388 810 388 0 4 0 4
 16744703 5 367 755 367 777 803 777 803 399 823 399 823 388 0 7 0 4
 65280 5 836 388 836 388 836 476 940 476 940 453 940 453 0 4 0 4
 65280 5 953 453 953 453 953 550 1218 550 1218 212 1218 212 0 4 0 8
 65793 5 1123 16 1123 16 1197 16 1197 16 1197 116 1197 116 0 3 0 8
 0 5 1005 388 1005 388 1005 388 1005 297 1005 297 1005 297 0 4 0 4
 0 5 1083 453 1083 453 1083 453 1083 531 1083 531 1083 531 0 4 0 4
 16744703 5 771 466 771 466 771 496 1026 496 1026 453 1018 453 0 4 0 4
 65280 5 1031 388 1031 388 1031 360 901 360 901 388 901 388 0 4 0 4
 16744703 5 823 375 823 269 1145 269 1145 463 1044 463 1044 453 0 4 0 4
 65280 5 1070 453 1070 453 1070 362 914 362 914 388 914 388 0 4 0 4
 65280 5 927 388 927 388 927 381 1231 381 1231 212 1231 212 0 4 0 8
 65535 5 1005 453 1005 453 1005 485 329 485 329 479 329 479 0 4 0 4
 65535 5 1031 453 1031 453 1026 453 1026 492 1005 492 1005 492 0 4 0 4
 255 5 159 426 161 426 161 366 1018 366 1018 388 1018 388 0 5 0 4
 255 5 368 466 368 466 368 507 1048 507 1048 453 1057 453 0 4 0 4
 0 5 902 107 902 107 902 107 902 16 902 16 902 16 0 3 0 3
 0 5 980 172 980 172 980 172 980 250 980 250 980 250 0 3 0 3
 16744703 5 1018 479 1035 479 1035 221 902 221 902 172 902 172 0 4 0 3
 255 5 1018 349 1018 349 1018 250 915 250 915 172 915 172 0 4 0 3
 65280 5 928 172 957 172 957 249 1244 249 1244 212 1244 212 0 3 0 8
 65280 5 784 375 790 375 790 363 940 363 940 388 940 388 0 4 0 4
 65280 5 836 375 836 375 953 375 953 375 953 388 953 388 0 4 0 4
 65280 5 966 388 966 388 1257 388 1257 388 1257 212 1257 212 0 4 0 8
 16744703 5 941 172 941 172 930 172 930 651 731 651 731 651 0 3 0 7
 255 5 368 479 368 479 368 485 954 485 954 172 954 172 0 4 0 3
 0 5 1110 172 1110 172 1110 172 1110 250 1110 250 1110 250 0 3 0 3
 0 5 1032 107 1032 107 1032 107 1032 16 1032 16 1032 16 0 3 0 3
 65280 5 967 172 967 172 967 181 1032 181 1032 172 1032 172 0 3 0 3
 65535 5 758 492 758 492 906 492 906 107 915 107 915 107 0 4 0 3
 255 5 954 198 954 198 916 198 916 107 928 107 928 107 0 3 0 3
 65280 5 941 107 932 107 932 190 1045 190 1045 172 1045 172 0 3 0 3
 65280 5 1058 172 1058 172 1058 172 1071 172 1071 172 1071 172 0 3 0 3
 65535 5 915 94 915 94 915 65 954 65 954 94 954 94 0 3 0 3
 16744703 5 941 211 941 211 941 211 967 211 967 107 967 107 0 3 0 3
 65280 5 980 94 980 94 1049 94 1049 172 1084 172 1084 172 0 3 0 3
 65280 5 1097 172 1097 172 1097 244 1270 244 1270 212 1270 212 0 3 0 8
 0 5 1017 729 1017 729 1017 729 1017 807 1017 807 1017 807 0 7 0 7
 0 5 939 664 939 664 939 664 939 586 939 586 939 586 0 7 0 7
 65535 5 915 81 915 81 915 729 915 729 939 729 939 729 0 3 0 7
 16744703 5 588 755 588 755 952 755 952 755 952 729 952 729 0 7 0 7
 65280 5 965 729 965 729 974 729 974 107 1045 107 1045 107 0 7 0 3
 65280 5 941 94 941 94 941 113 1058 113 1058 107 1058 107 0 3 0 3
 65280 5 1071 107 1071 75 1313 75 1313 212 1283 212 1283 212 0 3 0 8
 65535 5 341 742 341 742 341 728 978 728 978 729 978 729 0 7 0 7
 255 5 1018 362 1018 362 1018 362 991 362 991 729 991 729 0 4 0 7
 65280 5 1004 742 1004 742 1084 742 1084 742 1084 107 1084 107 0 7 0 3
 65280 5 1097 107 1097 107 1097 349 784 349 784 362 784 362 0 3 0 4
 65280 5 1110 107 1110 107 1110 62 1296 62 1296 212 1296 212 0 3 0 8
 8454143 5 784 466 784 466 764 466 764 1021 329 1021 329 1003 0 4 0 9
 255 5 1018 375 1018 375 1018 888 334 888 334 938 342 938 0 4 0 9
 4227200 5 197 426 197 426 197 1003 197 1003 342 1003 342 1003 0 5 0 9
 8454016 5 355 938 355 938 355 963 472 963 472 1003 472 1003 0 9 0 9
 0 5 329 899 329 899 329 847 329 847 355 847 355 847 0 9 0 9
 0 5 407 1042 407 1042 407 1042 407 1094 407 1094 407 1094 0 9 0 9
 0 5 472 899 472 899 472 899 472 847 472 847 472 847 0 9 0 9
 0 5 550 1042 550 1042 550 1042 550 1094 550 1094 550 1094 0 9 0 9
 0 5 602 899 602 899 602 899 602 847 602 847 602 847 0 9 0 9
 0 5 680 1042 680 1042 680 1042 680 1094 680 1094 680 1094 0 9 0 9
 0 5 732 899 732 899 732 899 732 847 732 847 732 847 0 9 0 9
 0 5 810 1042 810 1042 810 1042 810 1094 810 1094 810 1094 0 9 0 9
 0 5 849 899 849 899 849 899 849 847 849 847 849 847 0 9 0 9
 0 5 927 1042 927 1042 927 1042 927 1094 927 1094 927 1094 0 9 0 9
 0 5 1121 586 1121 586 1121 847 1121 847 1122 847 1122 847 0 7 0 9
 0 5 367 807 367 807 272 807 272 1094 368 1094 368 1094 0 7 0 9
 8454143 5 575 768 575 768 173 768 173 1115 732 1115 732 1003 0 7 0 9
 16744703 5 588 768 588 768 588 993 745 993 745 1003 745 1003 0 7 0 9
 255 5 1057 466 1213 466 1213 1136 771 1136 771 1003 771 1003 0 4 0 9
 16744448 5 216 426 216 426 216 1178 781 1178 781 1003 784 1003 0 5 0 9
 8454016 5 797 1003 797 1003 797 1154 485 1154 485 1003 485 1003 0 9 0 9
 8454016 5 498 1003 498 1003 498 1003 511 1003 511 1003 511 1003 0 9 0 9
 8454143 5 732 1016 732 1198 831 1198 831 951 797 951 797 938 0 9 0 9
 255 5 342 925 339 925 339 962 784 962 784 938 784 938 0 9 0 9
 4227072 5 178 426 178 426 178 920 758 920 758 938 758 938 0 5 0 9
 16744448 5 784 1016 784 1016 784 1114 948 1114 948 1003 953 1003 0 9 0 9
 16744448 5 966 1003 970 1003 970 1122 738 1122 738 938 745 938 0 9 0 9
 0 5 953 899 953 899 953 899 953 847 953 847 953 847 0 9 0 9
 0 5 1031 1042 1031 1042 1031 1042 1031 1094 1031 1094 1031 1094 0 9 0 9
 8454016 5 810 938 810 938 810 986 524 986 524 1003 524 1003 0 9 0 9
 8454016 5 537 1003 537 1003 537 964 485 964 485 938 485 938 0 9 0 9
 16744703 5 140 426 140 426 140 1042 347 1042 347 1003 355 1003 0 5 0 9
 255 5 771 1016 771 1016 771 1061 371 1061 371 1003 368 1003 0 9 0 9
 4227200 5 342 1029 342 1029 342 1063 374 1063 374 1003 381 1003 0 9 0 9
 8454016 5 394 1003 394 1003 394 966 498 966 498 938 498 938 0 9 0 9
 8454016 5 511 938 511 938 511 938 524 938 524 938 524 938 0 9 0 9
 8454143 5 732 1042 748 1042 748 1117 1057 1117 1057 1042 1057 1042 0 9 0 9
 16744703 5 355 1016 355 1016 355 1127 1070 1127 1070 1003 1070 1003 0 9 0 9
 255 5 342 912 342 912 342 1200 1096 1200 1096 1042 1096 1042 0 9 0 9
 4227072 5 758 925 758 925 758 1066 1109 1066 1109 1042 1109 1042 0 9 0 9
 8454016 5 1122 1042 1122 1042 1122 1054 537 1054 537 938 537 938 0 9 0 9
 8454016 5 550 938 550 938 550 964 615 964 615 938 615 938 0 9 0 9
 0 5 1057 899 1057 899 1057 899 1057 847 1057 847 1057 847 0 9 0 9
 0 5 1135 1042 1135 1042 1135 1094 1135 1094 1122 1094 1122 1094 0 9 0 9
 8454143 5 1057 1029 1057 1113 1225 1113 1225 957 1122 957 1122 938 0 9 0 9
 16744703 5 745 1016 745 1016 745 963 1109 963 1109 938 1109 938 0 9 0 9
 4227072 5 1109 1029 1109 1029 1102 1029 1102 951 1083 951 1083 938 0 9 0 9
 16744448 5 953 1016 953 1016 953 960 1070 960 1070 938 1070 938 0 9 0 9
 8454016 5 1135 938 1135 938 1135 961 862 961 862 938 862 938 0 9 0 9
 16777088 5 640 638 628 638 628 977 875 977 875 938 875 938 0 7 0 9
 8454016 5 888 938 888 938 888 981 628 981 628 938 628 938 0 9 0 9
 8454016 5 641 938 641 938 641 938 654 938 654 938 654 938 0 9 0 9
 8454143 5 1057 1016 1057 1016 1057 1077 849 1077 849 1042 849 1042 0 9 0 9
 4227072 5 1083 925 1083 925 1083 1102 862 1102 862 1042 862 1042 0 9 0 9
 4227072 5 875 1042 875 1042 875 1042 888 1042 888 1042 888 1042 0 9 0 9
 4227200 5 381 1029 381 1029 381 1062 901 1062 901 1042 901 1042 0 9 0 9
 8454016 5 914 1042 914 1042 904 1042 904 938 901 938 901 938 0 9 0 9
 16744448 5 953 1029 953 1029 916 1029 916 938 914 938 914 938 0 9 0 9
 8454016 5 927 938 927 938 927 961 667 961 667 938 667 938 0 9 0 9
 8454016 5 680 938 680 938 680 840 427 840 427 625 432 625 0 9 0 7
 8454016 5 432 638 432 638 432 91 167 91 167 62 167 62 0 7 0 6
27
 7011 1 14 324 120 5 0 0 8648984 3
 7004 1 14 441 120 5 0 0 8648984 3
 7032 1 14 545 120 5 0 0 8648984 3
 7021 1 14 675 120 5 0 0 8648984 3
 7021 1 14 779 120 5 0 0 8648984 3
 7011 1 14 323 401 5 0 0 8648984 4
 7032 1 14 427 401 5 0 0 8648984 4
 7021 1 14 531 401 5 0 0 8648984 4
 7021 1 14 635 401 5 0 0 8648984 4
 7011 1 14 335 677 5 0 0 0 7
 7032 1 14 452 677 5 0 0 0 7
 7021 1 14 569 677 5 0 0 0 7
 7021 1 14 699 677 5 0 0 0 7
 7032 1 14 816 677 5 0 0 0 7
 7011 1 14 752 401 5 0 0 0 4
 7032 1 14 882 401 5 0 0 0 4
 7011 1 14 999 401 5 0 0 0 4
 7008 1 14 896 120 5 0 0 0 3
 7032 1 14 1026 120 5 0 0 0 3
 7008 1 14 933 677 5 0 0 0 7
 7011 1 14 323 951 5 0 0 8648984 9
 7008 1 14 843 951 5 0 0 8648984 9
 7032 1 14 466 951 5 0 0 8648984 9
 7021 1 14 726 951 5 0 0 8648984 9
 7032 1 14 596 951 5 0 0 8648984 9
 7004 1 14 947 951 5 0 0 8648984 9
 7021 1 14 1051 951 5 0 0 8648984 9
